a: 2.958907, b: 2.500649
time: 0.003483
